areaType,areaName,areaCode,date,newCasesBySpecimenDate,cumCasesBySpecimenDate
overview,United Kingdom,K02000001,2020-10-08,1074,575679
overview,United Kingdom,K02000001,2020-10-07,6804,574605
overview,United Kingdom,K02000001,2020-10-06,12956,567801
overview,United Kingdom,K02000001,2020-10-05,15588,554845
overview,United Kingdom,K02000001,2020-10-04,11671,539257
overview,United Kingdom,K02000001,2020-10-03,11463,527586
overview,United Kingdom,K02000001,2020-10-02,13616,516123
overview,United Kingdom,K02000001,2020-10-01,13104,502507
overview,United Kingdom,K02000001,2020-09-30,12494,489403
overview,United Kingdom,K02000001,2020-09-29,10208,476909
overview,United Kingdom,K02000001,2020-09-28,9891,466701
overview,United Kingdom,K02000001,2020-09-27,6962,456810
overview,United Kingdom,K02000001,2020-09-26,6739,449848
overview,United Kingdom,K02000001,2020-09-25,7243,443109
overview,United Kingdom,K02000001,2020-09-24,7608,435866
overview,United Kingdom,K02000001,2020-09-23,7046,428258
overview,United Kingdom,K02000001,2020-09-22,6407,421212
overview,United Kingdom,K02000001,2020-09-21,5589,414805
overview,United Kingdom,K02000001,2020-09-20,5311,409216
overview,United Kingdom,K02000001,2020-09-19,4863,403905
overview,United Kingdom,K02000001,2020-09-18,4962,399042
overview,United Kingdom,K02000001,2020-09-17,4637,394080
overview,United Kingdom,K02000001,2020-09-16,4366,389443
overview,United Kingdom,K02000001,2020-09-15,3556,385077
overview,United Kingdom,K02000001,2020-09-14,3389,381521
overview,United Kingdom,K02000001,2020-09-13,2146,378132
overview,United Kingdom,K02000001,2020-09-12,2674,375986
overview,United Kingdom,K02000001,2020-09-11,3286,373312
overview,United Kingdom,K02000001,2020-09-10,3601,370026
overview,United Kingdom,K02000001,2020-09-09,3330,366425
overview,United Kingdom,K02000001,2020-09-08,3298,363095
overview,United Kingdom,K02000001,2020-09-07,3861,359797
overview,United Kingdom,K02000001,2020-09-06,2445,355936
overview,United Kingdom,K02000001,2020-09-05,2545,353491
overview,United Kingdom,K02000001,2020-09-04,3039,350946
overview,United Kingdom,K02000001,2020-09-03,3099,347907
overview,United Kingdom,K02000001,2020-09-02,2997,344808
overview,United Kingdom,K02000001,2020-09-01,2250,341811
overview,United Kingdom,K02000001,2020-08-31,1500,339561
overview,United Kingdom,K02000001,2020-08-30,1163,338061
overview,United Kingdom,K02000001,2020-08-29,1228,336898
overview,United Kingdom,K02000001,2020-08-28,1633,335670
overview,United Kingdom,K02000001,2020-08-27,1561,334037
overview,United Kingdom,K02000001,2020-08-26,1354,332476
overview,United Kingdom,K02000001,2020-08-25,1246,331122
overview,United Kingdom,K02000001,2020-08-24,1222,329876
overview,United Kingdom,K02000001,2020-08-23,824,328654
overview,United Kingdom,K02000001,2020-08-22,827,327830
overview,United Kingdom,K02000001,2020-08-21,1199,327003
overview,United Kingdom,K02000001,2020-08-20,1465,325804
overview,United Kingdom,K02000001,2020-08-19,1243,324339
overview,United Kingdom,K02000001,2020-08-18,1084,323096
overview,United Kingdom,K02000001,2020-08-17,1284,322012
overview,United Kingdom,K02000001,2020-08-16,600,320728
overview,United Kingdom,K02000001,2020-08-15,697,320128
overview,United Kingdom,K02000001,2020-08-14,1168,319431
overview,United Kingdom,K02000001,2020-08-13,1147,318263
overview,United Kingdom,K02000001,2020-08-12,1206,317116
overview,United Kingdom,K02000001,2020-08-11,1341,315910
overview,United Kingdom,K02000001,2020-08-10,1473,314569
overview,United Kingdom,K02000001,2020-08-09,616,313096
overview,United Kingdom,K02000001,2020-08-08,697,312480
overview,United Kingdom,K02000001,2020-08-07,942,311783
overview,United Kingdom,K02000001,2020-08-06,1083,310841
overview,United Kingdom,K02000001,2020-08-05,1061,309758
overview,United Kingdom,K02000001,2020-08-04,1022,308697
overview,United Kingdom,K02000001,2020-08-03,1043,307675
overview,United Kingdom,K02000001,2020-08-02,555,306632
overview,United Kingdom,K02000001,2020-08-01,543,306077
overview,United Kingdom,K02000001,2020-07-31,675,305534
overview,United Kingdom,K02000001,2020-07-30,926,304859
overview,United Kingdom,K02000001,2020-07-29,1039,303933
overview,United Kingdom,K02000001,2020-07-28,844,302894
overview,United Kingdom,K02000001,2020-07-27,857,302050
overview,United Kingdom,K02000001,2020-07-26,558,301193
overview,United Kingdom,K02000001,2020-07-25,522,300635
overview,United Kingdom,K02000001,2020-07-24,768,300113
overview,United Kingdom,K02000001,2020-07-23,801,299345
overview,United Kingdom,K02000001,2020-07-22,798,298544
overview,United Kingdom,K02000001,2020-07-21,783,297746
overview,United Kingdom,K02000001,2020-07-20,812,296963
overview,United Kingdom,K02000001,2020-07-19,444,296151
overview,United Kingdom,K02000001,2020-07-18,498,295707
overview,United Kingdom,K02000001,2020-07-17,581,295209
overview,United Kingdom,K02000001,2020-07-16,706,294628
overview,United Kingdom,K02000001,2020-07-15,771,293922
overview,United Kingdom,K02000001,2020-07-14,690,293151
overview,United Kingdom,K02000001,2020-07-13,733,292461
overview,United Kingdom,K02000001,2020-07-12,367,291728
overview,United Kingdom,K02000001,2020-07-11,447,291361
overview,United Kingdom,K02000001,2020-07-10,565,290914
overview,United Kingdom,K02000001,2020-07-09,719,290349
overview,United Kingdom,K02000001,2020-07-08,703,289630
overview,United Kingdom,K02000001,2020-07-07,602,288927
overview,United Kingdom,K02000001,2020-07-06,708,288325
overview,United Kingdom,K02000001,2020-07-05,555,287617
overview,United Kingdom,K02000001,2020-07-04,402,287062
overview,United Kingdom,K02000001,2020-07-03,572,286660
overview,United Kingdom,K02000001,2020-07-02,606,286088
overview,United Kingdom,K02000001,2020-07-01,649,285482
overview,United Kingdom,K02000001,2020-06-30,616,284833
overview,United Kingdom,K02000001,2020-06-29,727,284217
overview,United Kingdom,K02000001,2020-06-28,447,283490
overview,United Kingdom,K02000001,2020-06-27,652,283043
overview,United Kingdom,K02000001,2020-06-26,672,282391
overview,United Kingdom,K02000001,2020-06-25,720,281719
overview,United Kingdom,K02000001,2020-06-24,778,280999
overview,United Kingdom,K02000001,2020-06-23,886,280221
overview,United Kingdom,K02000001,2020-06-22,896,279335
overview,United Kingdom,K02000001,2020-06-21,638,278439
overview,United Kingdom,K02000001,2020-06-20,686,277801
overview,United Kingdom,K02000001,2020-06-19,993,277115
overview,United Kingdom,K02000001,2020-06-18,1026,276122
overview,United Kingdom,K02000001,2020-06-17,1014,275096
overview,United Kingdom,K02000001,2020-06-16,1103,274082
overview,United Kingdom,K02000001,2020-06-15,1042,272979
overview,United Kingdom,K02000001,2020-06-14,821,271937
overview,United Kingdom,K02000001,2020-06-13,892,271116
overview,United Kingdom,K02000001,2020-06-12,1051,270224
overview,United Kingdom,K02000001,2020-06-11,1011,269173
overview,United Kingdom,K02000001,2020-06-10,1195,268162
overview,United Kingdom,K02000001,2020-06-09,1157,266967
overview,United Kingdom,K02000001,2020-06-08,1093,265810
overview,United Kingdom,K02000001,2020-06-07,721,264717
overview,United Kingdom,K02000001,2020-06-06,805,263996
overview,United Kingdom,K02000001,2020-06-05,1124,263191
overview,United Kingdom,K02000001,2020-06-04,1249,262067
overview,United Kingdom,K02000001,2020-06-03,1362,260818
overview,United Kingdom,K02000001,2020-06-02,1493,259456
overview,United Kingdom,K02000001,2020-06-01,1438,257963
overview,United Kingdom,K02000001,2020-05-31,1080,256525
overview,United Kingdom,K02000001,2020-05-30,1121,255445
overview,United Kingdom,K02000001,2020-05-29,1525,254324
overview,United Kingdom,K02000001,2020-05-28,1757,252799
overview,United Kingdom,K02000001,2020-05-27,1829,251042
overview,United Kingdom,K02000001,2020-05-26,1667,249213
overview,United Kingdom,K02000001,2020-05-25,1623,247546
overview,United Kingdom,K02000001,2020-05-24,1365,245923
overview,United Kingdom,K02000001,2020-05-23,1526,244558
overview,United Kingdom,K02000001,2020-05-22,2061,243032
overview,United Kingdom,K02000001,2020-05-21,2573,240971
overview,United Kingdom,K02000001,2020-05-20,2713,238398
overview,United Kingdom,K02000001,2020-05-19,3051,235685
overview,United Kingdom,K02000001,2020-05-18,2587,232634
overview,United Kingdom,K02000001,2020-05-17,1838,230047
overview,United Kingdom,K02000001,2020-05-16,2077,228209
overview,United Kingdom,K02000001,2020-05-15,2528,226132
overview,United Kingdom,K02000001,2020-05-14,2627,223604
overview,United Kingdom,K02000001,2020-05-13,3306,220977
overview,United Kingdom,K02000001,2020-05-12,3399,217671
overview,United Kingdom,K02000001,2020-05-11,3585,214272
overview,United Kingdom,K02000001,2020-05-10,2324,210687
overview,United Kingdom,K02000001,2020-05-09,2160,208363
overview,United Kingdom,K02000001,2020-05-08,3059,206203
overview,United Kingdom,K02000001,2020-05-07,3764,203144
overview,United Kingdom,K02000001,2020-05-06,3828,199380
overview,United Kingdom,K02000001,2020-05-05,3685,195552
overview,United Kingdom,K02000001,2020-05-04,3383,191867
overview,United Kingdom,K02000001,2020-05-03,2977,188484
overview,United Kingdom,K02000001,2020-05-02,3232,185507
overview,United Kingdom,K02000001,2020-05-01,4737,182275
overview,United Kingdom,K02000001,2020-04-30,4966,177538
overview,United Kingdom,K02000001,2020-04-29,5438,172572
overview,United Kingdom,K02000001,2020-04-28,4734,167134
overview,United Kingdom,K02000001,2020-04-27,4707,162400
overview,United Kingdom,K02000001,2020-04-26,3470,157693
overview,United Kingdom,K02000001,2020-04-25,3750,154223
overview,United Kingdom,K02000001,2020-04-24,4961,150473
overview,United Kingdom,K02000001,2020-04-23,5154,145512
overview,United Kingdom,K02000001,2020-04-22,5491,140358
overview,United Kingdom,K02000001,2020-04-21,4764,134867
overview,United Kingdom,K02000001,2020-04-20,4857,130103
overview,United Kingdom,K02000001,2020-04-19,3853,125246
overview,United Kingdom,K02000001,2020-04-18,4721,121393
overview,United Kingdom,K02000001,2020-04-17,4948,116672
overview,United Kingdom,K02000001,2020-04-16,5293,111724
overview,United Kingdom,K02000001,2020-04-15,5060,106431
overview,United Kingdom,K02000001,2020-04-14,4318,101371
overview,United Kingdom,K02000001,2020-04-13,4184,97053
overview,United Kingdom,K02000001,2020-04-12,3485,92869
overview,United Kingdom,K02000001,2020-04-11,3578,89384
overview,United Kingdom,K02000001,2020-04-10,4316,85806
overview,United Kingdom,K02000001,2020-04-09,4857,81490
overview,United Kingdom,K02000001,2020-04-08,5129,76633
overview,United Kingdom,K02000001,2020-04-07,5443,71504
overview,United Kingdom,K02000001,2020-04-06,5283,66061
overview,United Kingdom,K02000001,2020-04-05,3594,60778
overview,United Kingdom,K02000001,2020-04-04,4013,57184
overview,United Kingdom,K02000001,2020-04-03,4919,53171
overview,United Kingdom,K02000001,2020-04-02,4867,48252
overview,United Kingdom,K02000001,2020-04-01,4911,43385
overview,United Kingdom,K02000001,2020-03-31,4514,38474
overview,United Kingdom,K02000001,2020-03-30,4272,33960
overview,United Kingdom,K02000001,2020-03-29,2858,29688
overview,United Kingdom,K02000001,2020-03-28,2823,26830
overview,United Kingdom,K02000001,2020-03-27,3192,24007
overview,United Kingdom,K02000001,2020-03-26,3092,20815
overview,United Kingdom,K02000001,2020-03-25,2699,17723
overview,United Kingdom,K02000001,2020-03-24,2373,15024
overview,United Kingdom,K02000001,2020-03-23,2328,12651
overview,United Kingdom,K02000001,2020-03-22,1379,10323
overview,United Kingdom,K02000001,2020-03-21,1197,8944
overview,United Kingdom,K02000001,2020-03-20,1255,7747
overview,United Kingdom,K02000001,2020-03-19,1053,6492
overview,United Kingdom,K02000001,2020-03-18,999,5439
overview,United Kingdom,K02000001,2020-03-17,769,4440
overview,United Kingdom,K02000001,2020-03-16,612,3671
overview,United Kingdom,K02000001,2020-03-15,444,3059
overview,United Kingdom,K02000001,2020-03-14,362,2615
overview,United Kingdom,K02000001,2020-03-13,479,2253
overview,United Kingdom,K02000001,2020-03-12,482,1774
overview,United Kingdom,K02000001,2020-03-11,405,1292
overview,United Kingdom,K02000001,2020-03-10,264,887
overview,United Kingdom,K02000001,2020-03-09,146,623
overview,United Kingdom,K02000001,2020-03-08,57,477
overview,United Kingdom,K02000001,2020-03-07,66,420
overview,United Kingdom,K02000001,2020-03-06,81,354
overview,United Kingdom,K02000001,2020-03-05,51,273
overview,United Kingdom,K02000001,2020-03-04,56,222
overview,United Kingdom,K02000001,2020-03-03,56,166
overview,United Kingdom,K02000001,2020-03-02,40,110
overview,United Kingdom,K02000001,2020-03-01,22,70
overview,United Kingdom,K02000001,2020-02-29,5,48
overview,United Kingdom,K02000001,2020-02-28,12,43
overview,United Kingdom,K02000001,2020-02-27,8,31
overview,United Kingdom,K02000001,2020-02-26,4,23
overview,United Kingdom,K02000001,2020-02-25,5,19
overview,United Kingdom,K02000001,2020-02-24,2,14
overview,United Kingdom,K02000001,2020-02-23,1,12
overview,United Kingdom,K02000001,2020-02-22,0,11
overview,United Kingdom,K02000001,2020-02-21,1,11
overview,United Kingdom,K02000001,2020-02-20,0,10
overview,United Kingdom,K02000001,2020-02-19,0,10
overview,United Kingdom,K02000001,2020-02-18,0,10
overview,United Kingdom,K02000001,2020-02-17,0,10
overview,United Kingdom,K02000001,2020-02-16,0,10
overview,United Kingdom,K02000001,2020-02-15,0,10
overview,United Kingdom,K02000001,2020-02-14,0,10
overview,United Kingdom,K02000001,2020-02-13,0,10
overview,United Kingdom,K02000001,2020-02-12,0,10
overview,United Kingdom,K02000001,2020-02-11,1,10
overview,United Kingdom,K02000001,2020-02-10,0,9
overview,United Kingdom,K02000001,2020-02-09,1,9
overview,United Kingdom,K02000001,2020-02-08,4,8
overview,United Kingdom,K02000001,2020-02-07,0,4
overview,United Kingdom,K02000001,2020-02-06,0,4
overview,United Kingdom,K02000001,2020-02-05,1,4
overview,United Kingdom,K02000001,2020-02-04,0,3
overview,United Kingdom,K02000001,2020-02-03,0,3
overview,United Kingdom,K02000001,2020-02-02,1,3
overview,United Kingdom,K02000001,2020-02-01,0,2
overview,United Kingdom,K02000001,2020-01-31,0,2
overview,United Kingdom,K02000001,2020-01-30,2,2
overview,United Kingdom,K02000001,2020-01-29,0,
overview,United Kingdom,K02000001,2020-01-28,0,
overview,United Kingdom,K02000001,2020-01-27,0,
overview,United Kingdom,K02000001,2020-01-26,0,
overview,United Kingdom,K02000001,2020-01-25,0,
overview,United Kingdom,K02000001,2020-01-24,0,
overview,United Kingdom,K02000001,2020-01-23,0,
overview,United Kingdom,K02000001,2020-01-22,0,
overview,United Kingdom,K02000001,2020-01-21,0,
overview,United Kingdom,K02000001,2020-01-20,0,
overview,United Kingdom,K02000001,2020-01-19,0,
overview,United Kingdom,K02000001,2020-01-18,0,
overview,United Kingdom,K02000001,2020-01-17,0,
overview,United Kingdom,K02000001,2020-01-16,0,

