areaType,areaName,areaCode,date,newCasesBySpecimenDate,cumCasesBySpecimenDate
overview,United Kingdom,K02000001,2020-10-19,2863,761395
overview,United Kingdom,K02000001,2020-10-18,7535,758532
overview,United Kingdom,K02000001,2020-10-17,11839,750997
overview,United Kingdom,K02000001,2020-10-16,16967,739158
overview,United Kingdom,K02000001,2020-10-15,17897,722191
overview,United Kingdom,K02000001,2020-10-14,19511,704294
overview,United Kingdom,K02000001,2020-10-13,18458,684783
overview,United Kingdom,K02000001,2020-10-12,19002,666325
overview,United Kingdom,K02000001,2020-10-11,11876,647323
overview,United Kingdom,K02000001,2020-10-10,12533,635447
overview,United Kingdom,K02000001,2020-10-09,15732,622914
overview,United Kingdom,K02000001,2020-10-08,18053,607182
overview,United Kingdom,K02000001,2020-10-07,18235,589129
overview,United Kingdom,K02000001,2020-10-06,16720,570894
overview,United Kingdom,K02000001,2020-10-05,16435,554174
overview,United Kingdom,K02000001,2020-10-04,11606,537739
overview,United Kingdom,K02000001,2020-10-03,11598,526133
overview,United Kingdom,K02000001,2020-10-02,13538,514535
overview,United Kingdom,K02000001,2020-10-01,12958,500997
overview,United Kingdom,K02000001,2020-09-30,0,488039
overview,United Kingdom,K02000001,2020-09-29,0,442040
overview,United Kingdom,K02000001,2020-09-28,0,442040
overview,United Kingdom,K02000001,2020-09-27,0,442040
overview,United Kingdom,K02000001,2020-09-26,0,442040
overview,United Kingdom,K02000001,2020-09-25,7184,442040
overview,United Kingdom,K02000001,2020-09-24,0,434856
overview,United Kingdom,K02000001,2020-09-23,0,403055
overview,United Kingdom,K02000001,2020-09-22,0,403055
overview,United Kingdom,K02000001,2020-09-21,0,403055
overview,United Kingdom,K02000001,2020-09-20,0,403055
overview,United Kingdom,K02000001,2020-09-19,4793,403055
overview,United Kingdom,K02000001,2020-09-18,0,398262
overview,United Kingdom,K02000001,2020-09-17,0,388814
overview,United Kingdom,K02000001,2020-09-16,4361,388814
overview,United Kingdom,K02000001,2020-09-15,0,384453
overview,United Kingdom,K02000001,2020-09-14,0,369451
overview,United Kingdom,K02000001,2020-09-13,0,369451
overview,United Kingdom,K02000001,2020-09-12,0,369451
overview,United Kingdom,K02000001,2020-09-11,0,369451
overview,United Kingdom,K02000001,2020-09-10,0,369451
overview,United Kingdom,K02000001,2020-09-09,0,359291
overview,United Kingdom,K02000001,2020-09-08,0,359291
overview,United Kingdom,K02000001,2020-09-07,3836,359291
overview,United Kingdom,K02000001,2020-09-06,0,355455
overview,United Kingdom,K02000001,2020-09-05,0,347606
overview,United Kingdom,K02000001,2020-09-04,0,347606
overview,United Kingdom,K02000001,2020-09-03,0,347606
overview,United Kingdom,K02000001,2020-09-02,0,341636
overview,United Kingdom,K02000001,2020-09-01,2245,341636
overview,United Kingdom,K02000001,2020-08-31,1495,339391
overview,United Kingdom,K02000001,2020-08-30,0,337896
overview,United Kingdom,K02000001,2020-08-29,0,335499
overview,United Kingdom,K02000001,2020-08-28,0,335499
overview,United Kingdom,K02000001,2020-08-27,0,324226
overview,United Kingdom,K02000001,2020-08-26,0,324226
overview,United Kingdom,K02000001,2020-08-25,0,324226
overview,United Kingdom,K02000001,2020-08-24,0,324226
overview,United Kingdom,K02000001,2020-08-23,0,324226
overview,United Kingdom,K02000001,2020-08-22,0,324226
overview,United Kingdom,K02000001,2020-08-21,0,324226
overview,United Kingdom,K02000001,2020-08-20,0,324226
overview,United Kingdom,K02000001,2020-08-19,1227,324226
overview,United Kingdom,K02000001,2020-08-18,0,322999
overview,United Kingdom,K02000001,2020-08-17,0,313043
overview,United Kingdom,K02000001,2020-08-16,0,313043
overview,United Kingdom,K02000001,2020-08-15,0,313043
overview,United Kingdom,K02000001,2020-08-14,0,313043
overview,United Kingdom,K02000001,2020-08-13,0,313043
overview,United Kingdom,K02000001,2020-08-12,0,313043
overview,United Kingdom,K02000001,2020-08-11,0,313043
overview,United Kingdom,K02000001,2020-08-10,0,313043
overview,United Kingdom,K02000001,2020-08-09,634,313043
overview,United Kingdom,K02000001,2020-08-08,0,312409
overview,United Kingdom,K02000001,2020-08-07,0,310754
overview,United Kingdom,K02000001,2020-08-06,0,310754
overview,United Kingdom,K02000001,2020-08-05,0,308626
overview,United Kingdom,K02000001,2020-08-04,0,308626
overview,United Kingdom,K02000001,2020-08-03,0,304757
overview,United Kingdom,K02000001,2020-08-02,0,304757
overview,United Kingdom,K02000001,2020-08-01,0,304757
overview,United Kingdom,K02000001,2020-07-31,0,304757
overview,United Kingdom,K02000001,2020-07-30,0,304757
overview,United Kingdom,K02000001,2020-07-29,0,302809
overview,United Kingdom,K02000001,2020-07-28,838,302809
overview,United Kingdom,K02000001,2020-07-27,879,301971
overview,United Kingdom,K02000001,2020-07-26,0,301092
overview,United Kingdom,K02000001,2020-07-25,0,298424
overview,United Kingdom,K02000001,2020-07-24,0,298424
overview,United Kingdom,K02000001,2020-07-23,0,298424
overview,United Kingdom,K02000001,2020-07-22,0,298424
overview,United Kingdom,K02000001,2020-07-21,0,296884
overview,United Kingdom,K02000001,2020-07-20,784,296884
overview,United Kingdom,K02000001,2020-07-19,464,296100
overview,United Kingdom,K02000001,2020-07-18,497,295636
overview,United Kingdom,K02000001,2020-07-17,0,295139
overview,United Kingdom,K02000001,2020-07-16,0,293863
overview,United Kingdom,K02000001,2020-07-15,0,293863
overview,United Kingdom,K02000001,2020-07-14,0,291561
overview,United Kingdom,K02000001,2020-07-13,722,291561
overview,United Kingdom,K02000001,2020-07-12,373,290839
overview,United Kingdom,K02000001,2020-07-11,442,290466
overview,United Kingdom,K02000001,2020-07-10,547,290024
overview,United Kingdom,K02000001,2020-07-09,709,289477
overview,United Kingdom,K02000001,2020-07-08,702,288768
overview,United Kingdom,K02000001,2020-07-07,576,288066
overview,United Kingdom,K02000001,2020-07-06,680,287490
overview,United Kingdom,K02000001,2020-07-05,559,286810
overview,United Kingdom,K02000001,2020-07-04,423,286251
overview,United Kingdom,K02000001,2020-07-03,577,285828
overview,United Kingdom,K02000001,2020-07-02,0,285251
overview,United Kingdom,K02000001,2020-07-01,0,283981
overview,United Kingdom,K02000001,2020-06-30,607,283981
overview,United Kingdom,K02000001,2020-06-29,801,283374
overview,United Kingdom,K02000001,2020-06-28,444,282573
overview,United Kingdom,K02000001,2020-06-27,558,282129
overview,United Kingdom,K02000001,2020-06-26,0,281571
overview,United Kingdom,K02000001,2020-06-25,0,280066
overview,United Kingdom,K02000001,2020-06-24,784,280066
overview,United Kingdom,K02000001,2020-06-23,855,279282
overview,United Kingdom,K02000001,2020-06-22,901,278427
overview,United Kingdom,K02000001,2020-06-21,663,277526
overview,United Kingdom,K02000001,2020-06-20,663,276863
overview,United Kingdom,K02000001,2020-06-19,879,276200
overview,United Kingdom,K02000001,2020-06-18,1011,275321
overview,United Kingdom,K02000001,2020-06-17,0,274310
overview,United Kingdom,K02000001,2020-06-16,0,272161
overview,United Kingdom,K02000001,2020-06-15,1017,272161
overview,United Kingdom,K02000001,2020-06-14,0,270377
overview,United Kingdom,K02000001,2020-06-13,865,270377
overview,United Kingdom,K02000001,2020-06-12,1114,269512
overview,United Kingdom,K02000001,2020-06-11,948,268398
overview,United Kingdom,K02000001,2020-06-10,1165,267450
overview,United Kingdom,K02000001,2020-06-09,1136,266285
overview,United Kingdom,K02000001,2020-06-08,1061,265149
overview,United Kingdom,K02000001,2020-06-07,727,264088
overview,United Kingdom,K02000001,2020-06-06,0,263361
overview,United Kingdom,K02000001,2020-06-05,0,261425
overview,United Kingdom,K02000001,2020-06-04,1224,261425
overview,United Kingdom,K02000001,2020-06-03,1370,260201
overview,United Kingdom,K02000001,2020-06-02,1489,258831
overview,United Kingdom,K02000001,2020-06-01,1434,257342
overview,United Kingdom,K02000001,2020-05-31,0,255908
overview,United Kingdom,K02000001,2020-05-30,0,252131
overview,United Kingdom,K02000001,2020-05-29,0,252131
overview,United Kingdom,K02000001,2020-05-28,0,252131
overview,United Kingdom,K02000001,2020-05-27,0,5189
overview,United Kingdom,K02000001,2020-05-26,0,5189
overview,United Kingdom,K02000001,2020-05-25,0,5189
overview,United Kingdom,K02000001,2020-05-24,0,5189
overview,United Kingdom,K02000001,2020-05-23,0,5189
overview,United Kingdom,K02000001,2020-05-22,0,5189
overview,United Kingdom,K02000001,2020-05-21,0,5189
overview,United Kingdom,K02000001,2020-05-20,0,5189
overview,United Kingdom,K02000001,2020-05-19,0,5189
overview,United Kingdom,K02000001,2020-05-18,0,5189
overview,United Kingdom,K02000001,2020-05-17,0,5189
overview,United Kingdom,K02000001,2020-05-16,0,5189
overview,United Kingdom,K02000001,2020-05-15,0,5189
overview,United Kingdom,K02000001,2020-05-14,0,5189
overview,United Kingdom,K02000001,2020-05-13,0,5189
overview,United Kingdom,K02000001,2020-05-12,0,5189
overview,United Kingdom,K02000001,2020-05-11,0,5189
overview,United Kingdom,K02000001,2020-05-10,0,5189
overview,United Kingdom,K02000001,2020-05-09,0,5189
overview,United Kingdom,K02000001,2020-05-08,0,5189
overview,United Kingdom,K02000001,2020-05-07,0,5189
overview,United Kingdom,K02000001,2020-05-06,0,5189
overview,United Kingdom,K02000001,2020-05-05,0,5189
overview,United Kingdom,K02000001,2020-05-04,0,5189
overview,United Kingdom,K02000001,2020-05-03,0,5189
overview,United Kingdom,K02000001,2020-05-02,0,5189
overview,United Kingdom,K02000001,2020-05-01,0,5189
overview,United Kingdom,K02000001,2020-04-30,0,5189
overview,United Kingdom,K02000001,2020-04-29,0,5189
overview,United Kingdom,K02000001,2020-04-28,0,5189
overview,United Kingdom,K02000001,2020-04-27,0,5189
overview,United Kingdom,K02000001,2020-04-26,0,5189
overview,United Kingdom,K02000001,2020-04-25,0,5189
overview,United Kingdom,K02000001,2020-04-24,0,5189
overview,United Kingdom,K02000001,2020-04-23,0,5189
overview,United Kingdom,K02000001,2020-04-22,0,5189
overview,United Kingdom,K02000001,2020-04-21,0,5189
overview,United Kingdom,K02000001,2020-04-20,0,5189
overview,United Kingdom,K02000001,2020-04-19,0,5189
overview,United Kingdom,K02000001,2020-04-18,0,5189
overview,United Kingdom,K02000001,2020-04-17,0,5189
overview,United Kingdom,K02000001,2020-04-16,0,5189
overview,United Kingdom,K02000001,2020-04-15,0,5189
overview,United Kingdom,K02000001,2020-04-14,0,5189
overview,United Kingdom,K02000001,2020-04-13,0,5189
overview,United Kingdom,K02000001,2020-04-12,0,5189
overview,United Kingdom,K02000001,2020-04-11,0,5189
overview,United Kingdom,K02000001,2020-04-10,0,5189
overview,United Kingdom,K02000001,2020-04-09,0,5189
overview,United Kingdom,K02000001,2020-04-08,0,5189
overview,United Kingdom,K02000001,2020-04-07,0,5189
overview,United Kingdom,K02000001,2020-04-06,0,5189
overview,United Kingdom,K02000001,2020-04-05,0,5189
overview,United Kingdom,K02000001,2020-04-04,0,5189
overview,United Kingdom,K02000001,2020-04-03,0,5189
overview,United Kingdom,K02000001,2020-04-02,0,5189
overview,United Kingdom,K02000001,2020-04-01,0,5189
overview,United Kingdom,K02000001,2020-03-31,0,5189
overview,United Kingdom,K02000001,2020-03-30,0,5189
overview,United Kingdom,K02000001,2020-03-29,0,5189
overview,United Kingdom,K02000001,2020-03-28,0,5189
overview,United Kingdom,K02000001,2020-03-27,0,5189
overview,United Kingdom,K02000001,2020-03-26,0,5189
overview,United Kingdom,K02000001,2020-03-25,0,5189
overview,United Kingdom,K02000001,2020-03-24,0,5189
overview,United Kingdom,K02000001,2020-03-23,0,5189
overview,United Kingdom,K02000001,2020-03-22,0,5189
overview,United Kingdom,K02000001,2020-03-21,0,5189
overview,United Kingdom,K02000001,2020-03-20,0,5189
overview,United Kingdom,K02000001,2020-03-19,0,5189
overview,United Kingdom,K02000001,2020-03-18,962,5189
overview,United Kingdom,K02000001,2020-03-17,731,4227
overview,United Kingdom,K02000001,2020-03-16,575,3496
overview,United Kingdom,K02000001,2020-03-15,412,2921
overview,United Kingdom,K02000001,2020-03-14,343,2509
overview,United Kingdom,K02000001,2020-03-13,452,2166
overview,United Kingdom,K02000001,2020-03-12,457,1714
overview,United Kingdom,K02000001,2020-03-11,390,1257
overview,United Kingdom,K02000001,2020-03-10,252,867
overview,United Kingdom,K02000001,2020-03-09,143,615
overview,United Kingdom,K02000001,2020-03-08,56,472
overview,United Kingdom,K02000001,2020-03-07,65,416
overview,United Kingdom,K02000001,2020-03-06,81,351
overview,United Kingdom,K02000001,2020-03-05,51,270
overview,United Kingdom,K02000001,2020-03-04,55,219
overview,United Kingdom,K02000001,2020-03-03,56,164
overview,United Kingdom,K02000001,2020-03-02,40,108
overview,United Kingdom,K02000001,2020-03-01,22,68
overview,United Kingdom,K02000001,2020-02-29,5,46
overview,United Kingdom,K02000001,2020-02-28,12,41
overview,United Kingdom,K02000001,2020-02-27,7,29
overview,United Kingdom,K02000001,2020-02-26,4,22
overview,United Kingdom,K02000001,2020-02-25,5,18
overview,United Kingdom,K02000001,2020-02-24,2,13
overview,United Kingdom,K02000001,2020-02-23,1,11
overview,United Kingdom,K02000001,2020-02-22,0,10
overview,United Kingdom,K02000001,2020-02-21,1,10
overview,United Kingdom,K02000001,2020-02-20,0,9
overview,United Kingdom,K02000001,2020-02-19,0,9
overview,United Kingdom,K02000001,2020-02-18,0,9
overview,United Kingdom,K02000001,2020-02-17,0,9
overview,United Kingdom,K02000001,2020-02-16,0,9
overview,United Kingdom,K02000001,2020-02-15,0,9
overview,United Kingdom,K02000001,2020-02-14,0,9
overview,United Kingdom,K02000001,2020-02-13,0,9
overview,United Kingdom,K02000001,2020-02-12,0,9
overview,United Kingdom,K02000001,2020-02-11,1,9
overview,United Kingdom,K02000001,2020-02-10,0,8
overview,United Kingdom,K02000001,2020-02-09,1,8
overview,United Kingdom,K02000001,2020-02-08,4,7
overview,United Kingdom,K02000001,2020-02-07,0,3
overview,United Kingdom,K02000001,2020-02-06,0,3
overview,United Kingdom,K02000001,2020-02-05,1,3
overview,United Kingdom,K02000001,2020-02-04,0,2
overview,United Kingdom,K02000001,2020-02-03,0,2
overview,United Kingdom,K02000001,2020-02-02,0,2
overview,United Kingdom,K02000001,2020-02-01,0,2
overview,United Kingdom,K02000001,2020-01-31,0,2
overview,United Kingdom,K02000001,2020-01-30,2,2

